%YAML:1.0
---
R: !!opencv-matrix
   rows: 3
   cols: 3
   dt: d
   data: [ 9.2491108396803368e-01, -1.9737676896742790e-02,
       3.7967079274523691e-01, 1.2716566577546688e-02,
       9.9969876769443466e-01, 2.0991970005399596e-02,
       -3.7997075635837513e-01, -1.4587596818823855e-02,
       9.2488346635211061e-01 ]
T: !!opencv-matrix
   rows: 3
   cols: 1
   dt: d
   data: [ -2.1169077971074959e+01, -1.0568144364950249e-01,
       7.1024731938861807e+00 ]
R1: !!opencv-matrix
   rows: 3
   cols: 3
   dt: d
   data: [ 9.9778530515971564e-01, -9.3407853579298619e-03,
       6.5857683957380370e-02, 8.6975214719513042e-03,
       9.9991169709109395e-01, 1.0047444483705092e-02,
       -6.5945719554631105e-02, -9.4523938399366861e-03,
       9.9777843949602185e-01 ]
R2: !!opencv-matrix
   rows: 3
   cols: 3
   dt: d
   data: [ 9.4805129264246846e-01, 4.7329141777989834e-03,
       -3.1808229444961300e-01, -7.8767787778079683e-03,
       9.9993200964930806e-01, -8.5983972216617972e-03,
       3.1801997244674773e-01, 1.0657185467167055e-02,
       9.4802411442056056e-01 ]
P1: !!opencv-matrix
   rows: 3
   cols: 4
   dt: d
   data: [ 3.2710105005685632e+03, 0., 3.6360610961914062e+02, 0., 0.,
       3.2710105005685632e+03, 5.2443812179565430e+02, 0., 0., 0., 1.,
       0. ]
P2: !!opencv-matrix
   rows: 3
   cols: 4
   dt: d
   data: [ 3.2710105005685632e+03, 0., 1.7023895568847656e+03,
       -7.3038533746142391e+04, 0., 3.2710105005685632e+03,
       5.2443812179565430e+02, 0., 0., 0., 1., 0. ]
Q: !!opencv-matrix
   rows: 4
   cols: 4
   dt: d
   data: [ 1., 0., 0., -3.6360610961914062e+02, 0., 1., 0.,
       -5.2443812179565430e+02, 0., 0., 0., 3.2710105005685632e+03, 0.,
       0., 4.4784722978387079e-02, 5.9957045813841106e+01 ]
